key: 1804289383 rec:886 777 915 793 335 386 492 649 421 362 27 690 59 763 926 540 426 172 736 211 368 567 429 782 
key: 861021530 rec:862 123 67 135 929 802 22 58 69 167 393 456 11 42 229 373 421 919 784 537 198 324 315 370 
key: 1129566413 rec:526 91 980 956 873 862 170 996 281 305 925 84 327 336 505 846 729 313 857 124 895 582 545 814 
key: 1548233367 rec:434 364 43 750 87 808 276 178 788 584 403 651 754 399 932 60 676 368 739 12 226 586 94 539 
key: 1036140795 rec:570 434 378 467 601 97 902 317 492 652 756 301 280 286 441 865 689 444 619 440 729 31 117 97 
key: 2007905771 rec:481 675 709 927 567 856 497 353 586 965 306 683 219 624 528 871 732 829 503 19 270 368 708 715 
key: 1373226340 rec:149 796 723 618 245 846 451 921 555 379 488 764 228 841 350 193 500 34 764 124 914 987 856 743 
key: 387346491 rec:227 365 859 936 432 551 437 228 275 407 474 121 858 395 29 237 235 793 818 428 143 11 928 529 
key: 2103318776 rec:404 443 763 613 538 606 840 904 818 128 688 369 917 917 996 324 743 470 183 490 499 772 725 644 
key: 1172755590 rec:505 139 954 786 669 82 542 464 197 507 355 804 348 611 622 828 299 343 746 568 340 422 311 810 
key: 1447267605 rec:801 661 730 878 305 320 736 444 626 522 465 708 416 282 258 924 637 62 624 600 36 452 899 379 
key: 620145550 rec:468 71 973 131 881 930 933 894 660 163 199 981 899 996 959 773 813 668 190 95 926 466 84 340 
key: 638422090 rec:684 376 542 936 107 445 756 179 418 887 412 348 172 659 9 336 210 342 587 206 301 713 372 321 
key: 260401255 rec:819 599 721 904 939 811 940 667 705 228 127 150 984 658 920 224 422 269 396 81 630 84 292 972 
key: 1253207672 rec:850 625 385 222 299 640 42 898 713 298 190 524 590 209 581 819 336 732 155 994 4 379 769 273 
key: 1662981776 rec:850 255 860 142 579 884 993 205 621 567 504 613 961 754 326 259 944 202 202 506 784 21 842 868 
key: 255789528 rec:189 872 908 958 498 36 808 753 248 303 333 133 648 890 754 567 746 368 529 500 46 788 797 249 
key: 1886086990 rec:303 33 363 497 253 892 686 125 152 996 975 188 157 729 436 460 414 921 460 304 28 27 50 748 
key: 1192707556 rec:902 794 697 699 43 39 2 428 403 500 681 647 538 159 151 535 134 339 692 215 127 504 629 49 
key: 1455590964 rec:285 429 343 335 177 900 238 971 949 289 367 988 292 795 743 144 829 390 682 340 541 569 826 232 
key: 1780172261 rec:42 360 117 23 761 81 309 190 425 996 367 677 234 690 626 524 57 614 168 205 358 312 386 100 
key: 1265204346 rec:726 994 916 552 578 529 946 290 647 970 51 80 631 593 857 627 312 886 214 355 512 90 412 479 
key: 241909610 rec:969 189 274 355 641 620 433 987 888 338 566 770 284 856 417 606 260 849 237 205 59 217 518 945 
key: 471990783 rec:873 458 873 637 289 483 607 478 757 314 471 729 100 459 618 438 25 388 74 233 157 681 493 358 
key: 1635550270 rec:699 417 839 569 363 622 794 173 847 431 462 682 390 292 791 57 115 521 157 574 491 947 951 231 
key: 521035021 rec:537 740 54 30 98 325 81 516 516 2 231 139 796 404 338 580 218 21 970 862 812 379 977 685 
key: 1859031536 rec:904 176 483 207 759 857 744 499 911 127 950 236 560 818 105 563 49 244 711 805 934 291 375 955 
key: 629593614 rec:589 768 993 918 805 882 822 982 717 30 93 574 126 593 486 253 543 74 814 713 179 377 762 775 
key: 1941727088 rec:919 710 732 294 17 346 235 137 691 153 943 573 328 925 291 710 18 217 836 963 55 90 858 130 
key: 1988714904 rec:571 661 633 685 789 73 604 851 805 250 868 503 485 6 195 639 949 120 967 226 763 677 596 981 
key: 34740865 rec:560 36 955 770 518 211 342 532 196 379 321 270 984 172 427 234 40 283 72 398 830 63 347 950 
key: 1520982030 rec:573 714 59 522 47 924 82 435 232 204 954 443 898 486 640 278 159 262 262 683 41 848 723 324 
key: 207026272 rec:122 154 335 821 457 365 747 171 776 269 218 701 703 653 933 907 959 728 806 797 720 84 308 334 
key: 811742698 rec:991 376 898 715 52 171 189 559 506 10 16 224 109 539 0 378 109 53 81 114 338 989 426 67 
key: 180785147 rec:223 787 231 532 122 281 875 850 179 590 254 350 131 813 857 494 181 81 603 720 433 982 181 487 
key: 209359415 rec:296 825 404 722 892 551 297 32 134 181 506 415 57 708 595 999 962 297 483 776 154 977 309 587 
key: 672139932 rec:382 21 266 563 860 682 211 685 86 285 930 990 583 314 476 116 820 892 525 528 839 525 490 136 
key: 61101360 rec:618 643 337 928 582 621 310 955 888 225 815 570 437 853 8 722 783 350 657 97 827 126 269 71 
key: 1287726651 rec:149 910 528 639 398 888 610 393 577 890 976 199 552 931 87 777 99 657 566 952 17 641 735 368 
key: 1736491298 rec:184 195 776 805 266 428 954 528 308 593 278 197 555 672 774 445 0 325 997 283 412 127 382 421 
key: 981914693 rec:334 439 334 421 159 985 957 354 761 762 972 541 716 852 850 662 482 399 217 154 173 15 506 851 
key: 771476364 rec:790 263 491 172 37 537 859 828 871 280 987 856 590 341 970 352 665 511 69 517 361 83 351 112 
key: 1928189300 rec:506 638 667 364 489 32 154 104 875 679 141 412 538 969 636 170 956 844 760 649 814 465 314 326 
key: 221713886 rec:183 39 969 535 152 621 393 790 289 109 631 673 264 735 548 295 877 313 833 198 949 355 155 793 
key: 1369678468 rec:156 960 933 823 286 171 358 677 140 245 181 761 990 323 50 100 954 75 364 42 624 659 919 289 
key: 1176225844 rec:469 238 551 976 383 19 133 343 304 956 981 475 666 11 967 912 192 729 902 868 131 2 174 207 
key: 38649718 rec:216 183 377 487 472 573 957 62 125 933 797 496 418 141 153 726 474 980 393 485 948 305 30 29 
key: 311269559 rec:898 160 562 424 719 280 641 902 10 480 726 583 789 140 708 723 938 557 493 431 710 220 905 690 
key: 1881049613 rec:391 638 270 421 667 829 671 180 743 95 899 24 88 154 386 569 232 969 710 373 30 433 663 587 
key: 298167279 rec:94 649 499 351 339 464 742 330 86 515 349 915 186 881 11 634 133 387 722 287 773 643 519 742 
key: 1549495354 rec:244 124 139 259 63 418 353 712 269 705 404 733 799 734 819 315 435 87 853 669 450 487 802 837 
key: 75245562 rec:89 610 205 960 704 911 557 829 403 816 892 821 522 605 443 579 361 528 378 447 700 45 882 787 
key: 550804899 rec:551 589 386 353 426 948 794 36 506 107 92 417 664 921 820 480 166 994 354 123 437 933 484 317 
key: 1987106312 rec:931 17 709 165 156 608 69 745 995 422 171 295 569 559 801 676 652 571 340 925 743 172 91 89 
key: 1510906527 rec:566 878 812 50 196 124 333 213 186 499 370 794 568 115 141 342 639 437 263 198 590 939 202 513 
key: 286791631 rec:128 257 804 571 346 683 138 225 495 540 421 972 226 634 158 725 356 952 645 472 446 339 111 883 
key: 78417603 rec:661 825 542 216 339 174 344 596 330 267 294 13 757 519 860 650 292 832 876 279 990 953 635 295 
key: 1018041598 rec:107 741 937 570 976 540 584 801 83 800 492 609 496 440 939 763 735 304 873 606 164 523 251 349 
key: 928682751 rec:530 339 704 165 986 302 625 79 591 547 407 484 131 561 919 931 53 528 427 494 819 543 581 123 
key: 116423768 rec:187 639 643 438 988 394 320 680 98 486 18 752 463 98 695 10 505 179 142 66 98 425 472 978 
key: 1559382853 rec:966 797 748 547 272 516 86 912 159 877 900 553 197 932 3 35 951 107 498 49 154 861 906 334 
key: 1371570003 rec:325 784 428 797 763 633 115 560 381 14 185 897 100 97 408 329 349 313 879 634 316 914 585 775 
key: 649022765 rec:986 930 626 892 616 629 569 752 409 366 515 395 833 428 776 847 613 26 300 62 786 629 763 100 
key: 1793256508 rec:397 416 775 982 544 540 320 826 518 565 794 499 134 546 908 853 62 303 686 842 432 534 807 810 
key: 934618834 rec:869 596 815 984 696 324 382 465 451 716 361 343 37 187 861 602 981 360 88 879 620 941 293 924 
key: 343886628 rec:135 708 162 942 870 996 163 466 811 500 515 487 234 332 290 950 693 633 339 880 494 293 213 854 
key: 1245466382 rec:444 475 323 738 751 951 873 811 465 168 681 813 683 499 977 535 14 464 769 346 107 72 391 740 
key: 1776088411 rec:623 587 57 836 793 439 281 620 114 371 371 418 596 534 883 764 567 697 800 67 674 335 433 490 
key: 96617457 rec:132 949 529 523 690 292 147 629 349 335 422 140 968 43 255 339 766 25 936 653 260 52 220 957 
key: 198619204 rec:287 983 540 721 826 997 205 127 878 728 169 170 227 798 520 563 221 660 883 616 267 223 382 292 
key: 713355511 rec:35 553 563 608 862 768 895 198 660 968 376 9 173 503 887 254 673 57 481 823 929 396 44 942 
key: 1475952280 rec:12 209 855 747 854 366 134 759 281 742 973 401 638 171 413 958 899 422 484 755 661 90 780 71 
key: 429363923 rec:603 0 320 0 942 952 12 504 807 759 358 525 894 117 158 636 90 560 626 614 973 937 865 748 
key: 1752143421 rec:620 409 863 400 832 786 4 833 458 356 127 410 368 631 569 128 341 446 374 458 605 10 901 165 
key: 861838989 rec:867 490 926 732 238 699 705 0 562 457 832 348 461 17 807 169 497 569 538 128 139 18 470 585 
key: 574620392 rec:280 542 754 533 707 743 400 550 21 485 788 720 190 140 634 647 325 983 461 694 142 630 191 63 
key: 203845520 rec:320 554 538 142 492 930 422 34 685 308 94 780 708 644 802 545 784 522 87 925 157 735 602 492 
key: 1304438548 rec:296 986 530 840 49 51 512 956 589 654 448 872 428 482 557 88 576 337 797 220 139 694 5 14 
key: 428674782 rec:282 523 869 236 15 417 884 353 299 724 754 350 236 710 292 242 158 164 23 641 721 111 569 410 
key: 1805816260 rec:790 902 955 147 916 89 781 439 958 17 806 375 901 511 674 978 265 377 566 976 669 161 134 833 
key: 184794536 rec:127 906 999 697 316 260 839 570 567 986 486 8 767 277 966 136 435 693 37 946 719 367 212 96 
key: 770833934 rec:540 117 95 674 950 631 802 208 630 851 525 242 690 447 161 676 934 169 795 563 135 931 351 180 
key: 1344541320 rec:297 900 688 861 996 974 401 114 69 428 416 52 582 625 682 433 502 277 123 949 790 151 235 960 
key: 1191614946 rec:799 447 229 502 628 549 799 528 589 13 876 563 766 990 984 194 759 36 776 384 71 209 238 700 
key: 644834684 rec:539 490 835 775 450 781 926 250 362 428 878 264 579 758 853 944 634 769 711 977 105 257 736 142 
key: 1874412034 rec:472 565 595 710 265 632 249 107 467 376 558 601 302 160 963 82 38 227 14 796 433 958 430 554 
key: 1533803669 rec:407 659 927 495 801 313 967 718 260 29 335 892 631 443 712 7 353 313 662 513 628 96 551 856 
key: 642112110 rec:699 641 69 481 195 90 889 854 369 736 8 682 704 726 295 733 414 187 364 857 251 724 210 564 
key: 450395738 rec:723 193 834 626 401 945 325 394 366 806 589 456 47 795 826 784 803 860 840 882 155 573 648 695 
key: 1831545290 rec:505 946 366 67 863 104 790 408 290 768 161 235 93 555 601 251 144 410 651 291 588 435 447 448 
key: 1923775275 rec:681 956 200 329 651 842 834 949 560 901 164 664 43 572 955 811 733 542 256 640 496 859 136 258 
key: 1026253510 rec:428 846 297 875 294 924 556 250 125 885 253 319 71 555 880 324 719 896 367 644 203 530 729 746 
key: 1198911786 rec:370 594 645 858 852 508 286 698 805 513 344 730 421 947 207 658 200 878 729 107 758 53 179 7 
key: 1025042772 rec:175 210 302 904 308 440 626 902 86 485 106 946 123 804 751 637 501 833 410 448 392 69 0 271 
key: 910053150 rec:108 381 556 287 388 328 462 951 983 718 259 423 345 514 861 182 972 807 657 129 911 294 630 744 
key: 376875057 rec:78 137 126 78 760 628 186 141 184 825 882 865 639 833 848 358 444 623 55 310 485 589 283 644 
key: 770361246 rec:412 555 893 42 300 950 120 789 428 550 549 56 737 42 241 914 924 458 554 109 658 264 554 281 
key: 2025753319 rec:216 118 260 499 763 506 263 318 399 305 970 701 777 111 129 328 12 186 417 55 779 683 979 589 
key: 1988180237 rec:89 247 853 995 880 524 211 999 784 711 114 643 326 784 42 632 107 96 761 218 225 441 231 763 
key: 988992210 rec:286 894 894 617 835 483 58 82 337 53 315 213 617 314 998 680 780 641 6 564 35 638 23 131 
key: 1155785752 rec:242 709 545 825 824 756 463 71 2 80 906 485 491 989 174 544 656 388 161 970 738 841 102 379 
key: 2013966848 rec:18 766 838 42 250 942 284 959 488 461 135 596 924 206 598 356 113 435 847 454 962 744 110 702 
key: 434457257 rec:432 440 451 886 171 299 904 289 489 946 539 784 582 850 272 43 986 868 319 192 818 676 657 253 
key: 847915875 rec:463 215 619 925 269 877 709 709 680 595 232 331 500 522 820 446 413 956 29 264 228 424 250 448 
key: 1127167744 rec:794 618 772 804 872 647 267 439 619 193 709 848 254 770 528 850 355 859 350 229 31 148 642 988 
key: 1700217177 rec:906 568 954 508 369 698 303 987 470 107 211 469 726 3 440 271 64 288 526 186 816 376 541 27 
key: 167793078 rec:122 59 226 765 399 404 23 967 358 532 688 408 187 676 230 294 239 51 372 242 492 644 306 780 
key: 352964522 rec:493 949 898 386 328 976 509 387 202 626 138 958 649 458 668 181 146 428 720 174 658 14 414 62 
key: 783175739 rec:656 554 735 315 334 257 160 635 507 546 964 483 55 703 37 33 842 348 683 300 368 216 446 149 
key: 763187937 rec:621 159 303 387 221 42 43 775 777 710 462 386 870 97 893 417 61 728 824 117 766 858 959 466 
key: 602297893 rec:259 186 109 57 335 46 30 495 702 417 716 96 813 492 874 523 306 260 394 403 506 163 817 234 
key: 1026488339 rec:934 352 549 893 818 442 504 5 904 913 692 302 944 187 4 361 256 101 526 748 327 50 54 939 
key: 2026366796 rec:809 445 311 626 680 2 912 32 552 157 203 346 661 560 250 927 252 553 871 440 557 584 48 10 
key: 1403997111 rec:148 337 513 554 277 661 363 74 324 342 754 326 254 139 878 764 342 225 777 902 827 704 154 380 
key: 1255237575 rec:946 290 160 994 300 623 142 990 488 696 619 149 412 693 825 754 448 151 360 587 382 124 929 959 
key: 1076261902 rec:183 786 606 337 167 534 636 809 46 630 109 669 125 451 157 173 70 658 585 764 483 339 564 986 
key: 179486052 rec:503 368 176 432 327 430 967 466 37 304 633 571 292 794 617 275 255 638 400 707 147 573 777 157 
key: 1882802159 rec:893 992 850 457 978 902 960 347 431 744 26 861 711 492 898 368 477 821 660 271 790 287 879 780 
key: 1542106687 rec:586 279 613 363 436 124 609 428 974 66 759 229 27 458 660 771 484 873 835 329 124 203 158 945 
key: 1696253215 rec:782 88 503 661 868 542 247 500 155 962 936 631 571 717 958 638 476 187 17 934 199 140 770 72 
key: 126183327 rec:451 196 882 610 494 98 392 582 953 53 802 847 652 654 355 614 591 986 538 660 944 528 488 483 
key: 1962928545 rec:422 34 37 544 107 365 996 655 247 606 149 697 350 83 2 403 238 850 55 892 205 21 835 191 
key: 596170911 rec:495 488 439 983 323 336 757 358 726 302 465 91 650 120 690 608 622 388 958 57 390 361 295 240 
key: 1600766768 rec:540 797 141 375 341 53 223 829 844 558 152 533 316 510 259 970 327 350 972 800 40 580 774 780 
key: 308424538 rec:831 171 899 479 763 19 19 561 512 746 254 917 969 83 762 528 587 295 196 450 554 166 129 256 
key: 1730441138 rec:929 296 718 55 429 608 887 600 507 718 715 878 737 628 390 835 882 308 805 317 422 685 257 69 
key: 1084040881 rec:707 623 399 836 879 889 118 527 607 173 956 215 412 908 74 130 976 304 219 956 46 55 839 706 
key: 1120090212 rec:508 128 897 765 197 130 472 172 529 661 403 418 131 283 377 656 591 944 69 852 370 551 828 26 
key: 1387516123 rec:784 72 530 975 779 94 484 259 991 249 809 473 74 981 2 735 737 772 866 20 501 874 611 445 
key: 2146220943 rec:815 167 847 643 193 322 780 617 204 107 396 298 591 8 289 193 817 762 267 150 116 354 887 240 
key: 82095572 rec:259 741 446 223 538 742 38 705 589 682 250 263 814 867 467 921 616 765 865 624 406 58 441 520 
key: 1449089325 rec:591 988 679 831 228 251 90 969 697 313 859 791 352 916 732 386 166 995 200 385 814 473 1 579 
key: 961135338 rec:977 337 396 418 857 73 362 845 104 193 425 707 635 746 405 949 605 548 653 873 281 39 39 276 
key: 735169591 rec:777 91 64 130 22 755 108 360 151 526 569 577 240 415 681 433 192 389 69 939 146 370 896 694 
key: 1354575023 rec:770 975 414 161 604 5 938 695 421 69 69 176 177 429 680 55 999 257 296 766 938 81 958 679 
key: 1119667502 rec:249 825 224 146 872 247 916 847 661 77 451 18 16 498 440 437 568 616 966 349 296 21 348 905 
key: 868272669 rec:466 196 751 777 875 605 26 53 830 172 925 429 88 772 443 518 576 461 886 426 901 323 994 870 
key: 1672466289 rec:696 518 662 396 424 332 863 620 435 640 847 392 18 900 222 543 825 4 983 950 447 501 878 908 
key: 1189256387 rec:304 162 62 651 32 351 347 902 366 743 326 50 958 298 837 950 498 229 969 398 804 512 576 808 
key: 73070847 rec:878 255 349 108 163 736 764 677 151 415 709 854 114 612 220 210 290 270 168 941 107 471 439 689 
key: 2108050440 rec:189 493 304 117 653 151 347 908 852 455 423 941 572 101 92 339 162 946 454 126 519 16 769 789 
key: 1804817184 rec:710 249 655 501 290 447 42 783 103 512 788 607 211 696 811 19 471 752 591 924 196 930 87 143 
key: 339193736 rec:565 662 752 334 803 289 396 404 296 897 694 96 292 829 199 156 617 158 367 665 322 386 137 74 
key: 1131491977 rec:61 271 908 500 766 996 66 780 749 400 935 38 797 340 334 46 386 430 690 216 982 846 185 492 
key: 1865036214 rec:851 814 952 340 241 930 753 864 190 254 630 186 672 762 287 72 697 325 221 389 660 620 776 442 
key: 1732940310 rec:992 424 509 529 269 75 380 83 27 720 324 309 474 188 499 80 170 38 752 932 325 176 982 651 
key: 1973914398 rec:371 663 370 147 457 32 491 234 541 21 503 616 753 938 996 826 263 305 652 803 157 732 326 195 
key: 647248836 rec:258 520 12 592 523 762 964 538 132 463 348 165 307 582 58 328 437 27 433 375 23 259 990 328 
key: 1599534911 rec:146 485 995 472 32 831 82 905 196 675 428 958 639 319 443 454 667 960 761 601 370 441 38 397 
key: 1128228875 rec:413 420 486 756 101 398 902 938 745 374 323 929 456 228 125 131 8 435 122 679 230 577 346 190 
key: 70061690 rec:947 913 132 337 310 7 751 83 493 507 536 243 409 826 989 135 149 918 591 377 395 723 738 830 
key: 247906197 rec:417 413 774 116 955 465 415 868 949 753 179 956 856 614 801 715 150 397 476 976 738 611 126 8 
key: 1233983202 rec:855 403 277 593 585 475 11 998 601 127 306 418 542 174 367 647 353 323 503 967 477 218 469 226 
key: 1038453694 rec:446 964 305 924 972 860 779 727 137 725 664 964 736 15 566 215 321 984 109 495 352 757 201 27 
key: 1981064260 rec:520 856 831 990 82 525 788 46 183 712 370 43 491 449 532 216 466 497 304 481 63 871 154 399 
key: 2066612981 rec:1 751 90 202 131 702 75 987 533 65 70 411 205 468 946 917 191 989 760 992 873 329 458 370 
key: 2137387633 rec:291 785 857 797 537 190 799 288 280 353 771 334 428 759 220 845 181 983 50 1 929 319 192 270 
key: 1145357080 rec:537 143 409 347 866 394 639 3 603 788 540 793 587 181 425 941 952 112 721 63 332 567 244 315 
key: 1043353969 rec:246 244 289 790 514 721 327 9 130 675 875 876 666 231 480 454 771 625 42 304 403 335 257 515 
key: 1063485056 rec:672 847 975 917 514 945 163 758 586 953 624 307 281 633 789 308 861 17 974 92 849 428 215 475 
key: 979577822 rec:872 230 157 481 745 566 153 592 541 70 458 838 585 216 424 539 192 83 172 177 872 832 38 242 
key: 1250822806 rec:482 91 586 50 918 409 922 148 918 755 245 484 908 189 378 979 647 216 564 215 993 455 407 76 
key: 892705979 rec:585 301 811 975 895 969 810 986 556 212 257 317 486 757 235 241 3 72 149 192 450 480 840 18 
key: 1187427397 rec:55 11 204 815 440 184 400 93 347 727 988 317 537 974 873 101 583 190 587 341 777 828 696 201 
key: 59770330 rec:888 3 810 80 22 559 136 385 764 303 177 300 55 270 647 782 258 964 672 585 837 773 168 379 
key: 1001271361 rec:861 509 189 557 710 519 446 66 682 878 88 241 366 825 357 669 3 657 724 625 305 507 884 269 
key: 38199531 rec:469 459 304 989 190 665 851 51 207 408 762 78 206 828 760 85 268 354 451 445 711 121 800 369 
key: 1785286845 rec:426 26 704 662 295 235 131 106 540 120 649 557 323 700 116 732 814 195 290 642 307 375 262 13 
key: 347838179 rec:60 77 300 860 446 497 638 824 554 300 471 789 431 578 681 904 579 591 227 279 707 311 94 254 
key: 1563074602 rec:88 914 329 703 279 508 763 356 160 975 154 10 614 978 564 914 450 353 698 380 387 954 959 978 
key: 211919533 rec:238 37 845 684 644 799 773 558 128 828 837 989 591 546 149 918 700 159 532 679 723 799 129 429 
key: 2074941497 rec:509 816 803 820 146 336 58 183 533 95 827 332 220 737 813 48 927 802 991 473 303 909 525 463 
key: 2132764442 rec:204 538 593 685 319 442 546 487 245 366 633 581 777 169 115 872 348 799 92 438 612 140 365 414 
key: 1874459131 rec:190 70 392 715 533 186 272 423 779 957 95 221 504 582 818 222 568 752 999 89 219 871 789 18 
key: 691017315 rec:227 983 455 944 749 938 134 819 683 202 704 869 474 128 649 783 223 222 639 157 393 862 725 145 
key: 307164213 rec:166 364 437 956 734 752 183 717 560 480 467 850 966 286 533 168 991 403 994 471 404 778 46 978 
key: 719094417 rec:555 371 279 633 868 493 799 584 282 755 319 34 291 388 594 771 207 797 89 494 330 258 837 85 
key: 335612604 rec:660 489 382 58 820 800 613 191 431 246 412 276 46 996 558 153 667 945 444 56 891 567 263 688 
